51.6061
89.7280
77.2617
28.5506
1.2811
33.8525
15.4193
76.4502
45.8947
92.2413
23.7183
45.6545
91.1167
14.4118
36.5498
39.8769
81.1881
99.3445
25.3205
76.3975
27.0711
1.3811
70.0190
47.0346
49.9910
49.1083
19.0847
69.0674
3.6228
97.7963
85.8147
36.1497
2.5292
87.4348
66.7383
12.7963
37.2156
91.5998
33.4018
59.9414
65.0441
16.2311
76.2970
70.0216
0.1132
59.5839
19.8956
61.6614
8.4083
15.7126
89.3161
73.5278
82.9919
4.4447
41.2716
68.0671
55.8376
43.1713
41.9032
34.8853
17.4281
51.3195
71.1947
89.8572
81.8456
94.1307
13.5749
55.3940
14.0816
76.9968
81.9084
98.1113
89.4493
77.0432
70.0030
14.7895
49.9267
14.7149
6.4692
45.6369
3.2793
97.3896
66.2755
56.6640
82.0781
15.9798
0.9335
25.1700
73.2948
54.7407
1.8820
23.1340
10.3610
27.3861
75.6677
56.8881
98.9189
16.4101
84.0178
64.8861
80.0182
36.3556
30.9697
39.2722
3.0207
42.3828
80.1140
41.3746
29.2802
88.8755
56.7087
59.1904
19.0941
81.9496
81.7228
56.2657
60.9211
12.0579
99.6735
73.8047
6.0416
37.2084
71.4996
72.5372
2.5795
28.3411
86.1619
27.6225
38.9636
24.1024
85.8450
88.1737
93.5816
47.8896
85.1503
8.5092
74.2087
55.1096
89.8460
30.0259
76.4972
7.5245
8.4490
40.5996
70.6190
59.5015
11.3585
0.8300
16.2406
90.6477
55.5314
29.4027
9.7813
38.9468
90.4672
49.0662
52.5874
32.5548
53.9973
73.8661
86.4924
49.3993
97.2281
91.4718
66.3193
38.4418
74.9063
71.0770
81.3918
43.2293
77.9786
76.9699
74.8752
63.9726
48.0258
26.2622
43.2163
71.6078
22.9593
23.0014
55.9276
3.6890
19.7698
24.2422
96.2661
67.2664
3.5642
48.3195
6.4810
6.4654
16.2234
76.2869
85.5315
89.0034
12.3620
95.9643
90.2482
12.9271
65.6174
97.0633
62.1514
13.4288
79.4500
10.6289
51.6892
11.4339
33.2012
98.2180
29.2052
22.2385
24.7665
65.2533
61.3779
89.0098
28.5595
89.5022
86.0989
8.3935
51.3484
2.2308
64.8211
43.4597
17.7930
68.2452
8.8496
85.6249
43.3041
22.9454
45.1955
23.1953
96.0938
24.2069
71.9695
11.4729
78.8678
91.8672
72.1037
61.5603
79.1986
4.9643
19.0332
78.2115
15.2512
81.2579
18.6539
8.7664
71.5907
22.3730
52.9455
22.5125
37.5519
75.5702
46.9641
30.0404
16.8009
27.2251
13.5432
2.4902
61.6992
42.0452
1.9631
28.0507
36.8798
2.5326
72.1833
32.3119
4.3043
87.6159
84.8678
31.9991
28.9655
47.9951
29.1571
37.7662
55.5558
63.7347
0.8837
75.2414
94.4307
40.2839
68.4996
79.4747
34.2187
81.1031
12.8450
18.6134
94.1132
30.6811
78.5733
10.0983
66.5834
93.6293
34.8419
66.0093
38.1008
92.0320
46.5415
73.7856
94.7444
65.2243
81.1115
72.1538
1.0223
11.8607
2.6996
99.1341
29.4127
80.5841
49.1683
42.3859
5.4493
58.7226
54.2802
48.9729
57.2720
45.9118
21.8880
5.6619
41.4579
1.7594
3.1412
33.9329
4.1238
36.3971
22.1388
69.9332
6.3792
2.6498
23.7998
55.3466
41.7639
7.9712
68.3061
40.8738
88.1657
85.3895
56.7655
56.4937
96.6999
21.2238
81.1513
81.7076
57.3073
82.9037
32.8216
26.6429
65.6869
54.4392
68.2646
67.2111
19.9149
42.2057
43.3149
3.7715
43.1424
75.8674
70.1267
28.4883
38.2435
19.9612
64.6651
33.8385
61.1600
46.8063
94.0198
6.0648
84.5772
34.3565
48.0587
34.5357
58.5606
62.6139
98.5438
67.2666
44.2288
77.3579
78.3985
61.2573
36.5605
32.5601
0.4921
32.5602
78.8719
92.8891
46.9209
54.2983
5.6178
42.2803
1.4428
88.1124
58.6440
14.0775
22.0985
6.7666
68.0179
35.6019
37.5639
59.7119
47.1606
16.5429
36.1085
26.7790
12.8191
20.2801
26.7298
82.9216
90.5415
2.1365
47.8408
46.6294
42.6990
50.8667
61.5574
12.8620
59.3220
36.5323
96.6402
45.8329
18.5846
0.0575
55.4983
7.2077
28.7745
89.6173
22.6236
14.8723
52.5553
1.4374
41.9186
20.9622
91.4295
56.6367
41.5867
60.8146
95.7586
47.2971
57.0389
21.8456
74.2679
61.1017
51.0845
88.0685
16.1653
68.3892
55.5211
30.1735
71.7009
91.6564
27.0344
71.6651
40.6270
13.8343
64.6761
0.3238
74.6189
6.9355
94.1755
9.8595
45.4959
51.7516
51.9354
8.1615
95.8191
18.4539
89.9593
4.9732
39.0534
5.0110
79.1781
1.1332
31.0980
74.2453
38.9661
98.6442
51.0508
48.3239
88.4955
15.7134
12.9292
12.9195
98.3391
90.6653
48.4042
40.4555
14.4647
25.5216
95.6676
74.6616
40.0905
96.6331
99.0816
57.9391
38.7363
20.1194
98.7618
71.7304
9.4947
67.4919
13.8389
79.8795
